0.3294401141272144
0.8636605007623993
0.7806250045836819
0.6663181164861972
0.9534972704076302
0.6675356015930619
0.5700047231050219
0.682163598880631
0.6603001796275166
0.6940407329745457
0.6651797767774881
0.685486888760572
0.6421338704349658
0.6472026740127976
0.6064293520970585
0.7078536268626325
0.7540106004155384
0.6876800279095907
0.6705721364793645
0.6347579801842491
0.5924145108575336
0.5062567940269775
0.5944926350363868
0.5897951793619174
0.627143933127726
0.6068225576192756
0.6786332374838596
0.7886373061741551
0.7129936645157283
0.7262943905638142
0.6665309366614726
0.8148244664604254
0.8013792592055029
0.691219919176913
0.5342681432790274
0.6900778363497045
0.6698820305342522
0.6689978666414798
0.7519662703043016
0.6749073083916599
0.7560128090056137
0.6873052513678082
0.7583600531403649
0.8988990399749298
0.8404673810180516
0.8018496656622004
0.8074966800434834
0.8666994175197062
0.9721049366483145
0.9746948151735737
1.06751126375302
1.0348503574363204
1.1043701683261693
0.9308516618484622
0.8979637096134607
0.8110199975936556
0.8897849222039924
0.8979350081132713
0.8572820477604217
0.9367837004691951
0.8658042266630098
1.1326356656803145
0.9668753550330977
1.0295681649971886
0.9562513720306903
0.8706276027578883
0.8629258275949397
1.1355167930235
1.0291323039935185
1.1414731857923301
1.0781953612934663
1.1068963244167223
1.1989098200067787
1.1634315743001487
1.228528990059521
1.0453039807980942
1.176334726021269
1.0192969243068597
0.934447783856649
1.0226720203497737
0.9799941157018536
1.2192323068222
0.8698653146649146
1.1207992536722609
0.8419511457441266
0.7831500002931785
0.7439162342057203
0.8577650896539702
0.8310192637571897
0.6211261796866248
0.7549661968103417
0.6533497861191169
0.6383689490637234
0.6654194954245597
0.598129699606105
0.573129716587014
0.5894783414213558
0.6108730848047255
0.537524293605452
0.46710872185789504
0.433888458960987
0.484311555261811
0.5259598067637649
0.5942581308129966
0.45949869098428314
0.4380720200516563
0.5541367474363703
0.49537586292430075
0.5191972334015048
0.4753699480664347
0.5389835029053447
0.4994935357705867
0.4581730047314576
0.3902772612195478
0.4793861803015275
0.46428174237789116
0.4390552331341762
0.47368793967279427
0.4148383770358123
0.5046728448747759
0.4912302658982503
0.5611314849414782
0.42468277865198106
0.6221905310498502
0.583781068524643
0.5553162860455438
0.500917256000316
0.5834115585187639
0.5784200710656439
0.5336356450175185
0.6332622846665511
0.5992901087074906
0.4509871368692291
0.4523719131453964
0.5634289407542058
0.5328837262102963
0.5882919220328786
0.6297227219745544
0.6169045724163298
0.5064718612495265
0.4774381372603461
0.51949430329246
0.4685974853386702
0.527083105661164
0.6790640308643741
0.5937992554307526
0.5586454957300204
0.7355073034962267
0.5883544295411892
0.6454887378470511
0.6154219997786193
0.5938936451746748
0.5968438780575186
0.5284589107126163
0.6140816367739513
0.5165418998379273
0.7022929480687436
0.6855262974488774
0.6696726180357753
0.5594929970581499
